   7.7838685667999998     
          30
  -860.60490768939985     
 BOX 3
  -5.6232112861509194        6.4229793476609460        2.6817397224376140       -2.1644780213883630       -1.7538190251468511       0.97632921508567172     
   4.5716620240136807       -1.9973907698421576        6.2291416697389730        3.1298873946001731        1.4767679516001750      -0.92692441640423839     
  -6.7965263597234324        2.8861950338476241       -2.8744614059712346        1.8636556488813198        1.5990388435247445       -2.6572726622156253     
   4.6041805228729471       -2.1072636526290114       -1.7254271365498015       -2.6545304961386051      -0.54445130767828120       -3.0465610325926988     
   2.8480845010534446      -0.48949217218560176       -4.7215535117280805        1.2112427258603091      -0.33878002880975289        3.0727994318615619     
  -1.6922646660799818        3.5043922143641040       -7.1801586912293356       -2.3916129340125414       -1.8564655691036882        1.4246390828164495     
  -2.0333423470589462       -1.1166737066495991       -3.7809533612193875        2.3804416837504325      -0.72254589990736118       0.23543486628156751     
  -3.0717322410697716        1.0461128802092106        2.7734488058230355        1.9408193372621096        1.4498575374878702       -1.8462238478813382     
  0.74195294013783675      -0.28284332312299831        7.0505347115645218        1.0295714511303784       0.19024322286729553       -1.2219832109356445     
  -4.6939346119428800       -3.6063360254967947        5.4540494211148918        2.5196208472933606       0.31062093645052496       0.77087900023026767     
 -0.52017491112055625       -6.5931792887602665       -2.0435582220625057      -0.54332291212875228        1.0956028446743054       -1.2678612804999263     
   7.1732104250204589       -7.2292005821938075        7.6377678018579171      -0.95902410519876247        1.5535360658444559       -2.3885062288752215     
  0.36801586980328360       -4.6914767370282862        2.0156561904391990        1.2904126810450425        1.2555602986351500      -0.16318338486132972     
   4.6897885452577803        4.5490266276767573        1.2518673453317004       -2.7637603473297965       0.28239927495328832        2.7017252886640186     
   6.7245399133334214        2.4145273019607791       -6.3306769333264725        2.1621923100590266       -1.4808258686278875        1.2148616659039879     
  -4.9858556118125934       0.47573070267101275        7.7668455746986913       0.93892859798451078       2.61662276793565851E-002   2.1563711026461938     
   7.2170483463866288       -5.6155371155923968        2.1047779942586002       -2.6831742981160454       -1.7110234900448968      -0.72000262607219689     
  -7.4283007912149612       -2.5131573956790039       -5.1144027699531858       0.50512528363494247      -0.65896570633680696        1.5402646504982096     
  -6.8433042684534877      -0.50111146069230061        2.1921236608790773        3.0264277000860642       -2.5621786236692778        1.9639649380187900     
  -2.0698979098249790        4.2125796260768915       -2.8025343761671255        1.8917063362111886       -2.1371734687269366      -0.96808875722898591     
  -1.6849880252401523       -6.0261754427793379        5.7635910412291231      -0.86637105696701322       0.59180621044536696        2.0528954899028986     
   7.0622770528947010        7.5103973792181851       -2.1514849465544059        2.1356098578708558       0.99079415448837804        1.1611120876311014     
  -7.3439927110754049        3.9685923357409831        5.1495402820633993        2.4147757936742473       -2.7599728959233962       0.42880152476339972     
   1.6128757233797604       -5.3378009999766762       -6.0471585481110761       -1.4827071362442230      -0.29158232602061107       -1.8199593371010856     
  -5.2028913249893085       -5.9859508397561143      -0.93698071894566271       -2.4407217384268849      -0.43106238708589684       -3.0962126352064598     
  -4.8942216624854948       -6.8686845465498054       -5.8367873986641658       -1.4723307177059515       0.15546935888819718       -2.9650545239663266     
   1.7627560570106380        5.3151318007876975       -7.3325022292931958       -2.6580250881106018       0.43410275267852000      -0.29883195090913628     
  0.27245991218112958        5.9599649606879961        1.2493742839221447       0.70020721984666423       0.63875272919765724       -3.0426014170639912     
   3.2593054074650847        7.2836467430990073        4.9456575454719669       0.13779401111786369       -2.2473197921349812      -0.60400386304240516     
   3.2145242637893836        2.2146279189792848        3.6756324597952363        2.5670754030158172       0.16658215996508255        3.1182980479414089     
 SOLUTE
          11
Solute: (R)-2-Chloropropanoic acid
 C     0.30197200000000002       0.37528299999999998      -0.51932800000000001     
 H     0.58638784484847095      -0.17666981409466748       -1.4146520986876501     
 Cl     1.5018808878059766      -0.12662696246534039       0.76459550679569932     
 C     0.35840511563476063        1.8819804910607389      -0.73977766276910695     
 H    -0.35299492095436602        2.1632523254348759       -1.5259065305392028     
 H     0.10006285258951661        2.4188861878257160       0.17568580524464283     
 H      1.3611661179296810        2.1790701859081407       -1.0580122394585638     
 C     -1.0808979999999999      -0.12636000000000000      -0.12115400000000000     
 O     -2.0912735200000001       0.12105326000000000      -0.73754357000000004     
 O     -1.0587444600000000      -0.85074905000000001        1.0173803699999999     
 H     -1.9791809199999999       -1.1281831000000000        1.1844175699999999     
 -0.16947514999999999     
           1
  8   1  90.000000
