   10.0000000000000     
          30
Box 0
   -5.126860    1.794138    2.004094   -2.901144   -1.316573   -1.564974    0.000000
   -6.000734   -5.719598   -1.092816    0.894276   -0.651282    1.297142    0.000000
    2.781929    1.400676   -3.262632    1.310639   -1.125505   -3.006945    0.000000
   -1.411898   -4.385789    0.602305    1.763189   -2.871889   -0.431280    0.000000
    4.470431    5.242411   -6.540724   -2.174110   -3.006254    0.174670    0.000000
    2.322449   -4.850869    3.234640    2.811868    1.088063    0.323468    0.000000
    3.631004    1.430356    5.833468   -1.042242    2.208379   -2.653001    0.000000
   -5.909244    5.218241   -1.112192   -1.145935   -0.115794   -0.353955    0.000000
    7.574524    0.284527   -2.224805   -1.532131   -1.902061    1.136325    0.000000
   -5.911505   -0.661785   -7.040683   -2.073069    0.668311    1.505620    0.000000
   -3.548929    7.154323    3.090995   -0.880248    1.533589    2.299122    0.000000
    3.106206   -5.986140   -0.097435    0.398650   -0.766015   -0.216247    0.000000
   -3.343119   -2.964525    3.589451   -1.432691   -2.561358    0.913402    0.000000
    0.179417    3.358504    3.470109    1.800688   -0.048822   -2.782297    0.000000
    6.030152   -5.191581   -4.211933    1.668739    0.076241   -1.004855    0.000000
    3.582684    5.363744    3.277658    2.369859   -2.083487   -1.354279    0.000000
    4.388523    5.598821   -2.038631    1.527827   -1.643371    2.044628    0.000000
    3.721736   -5.666983    6.887055    0.402780   -2.947582   -0.703012    0.000000
   -7.280197    3.047185    5.771975    2.789659    3.020980   -2.897533    0.000000
   -6.535141   -7.255926   -7.448750    0.640317   -1.810798    1.317996    0.000000
   -7.647699    6.682134    2.821918    1.450153    0.650058    1.959456    0.000000
    4.659863   -2.130159   -6.310671   -1.738943   -2.209881   -0.294725    0.000000
    7.158636   -2.848920    4.116828    1.557923   -0.611089   -0.743072    0.000000
   -6.339785    3.086343   -5.579509   -0.290294    0.509751    1.449423    0.000000
   -1.757840    5.307365    7.638664   -2.840261    1.718867   -2.013418    0.000000
    7.182691   -2.249544    0.423055    2.421218    2.768317    0.849971    0.000000
   -0.597415    5.521778   -1.596368   -0.075754    1.629216    2.873282    0.000000
    1.215037   -5.576396   -3.943202   -0.205634   -2.448300   -2.651724    0.000000
   -2.848004   -4.954383    7.167156   -0.392723    0.140327   -1.265700    0.000000
   -0.195083   -1.487960   -6.610067    2.052326    1.637768   -1.325115    0.000000
