11
Solute: (R)-2-Bromopropanoic acid
 C                 -0.31230300    0.58789200   -0.55206000
 H                 -0.26820000    0.55587500   -1.63876000
 Br                 1.35826200   -0.32951100    0.03798900
 C                 -0.34477800    2.00773900   -0.00608800
 H                 -1.25322500    2.51460600   -0.35634200
 H                 -0.34454400    2.00730000    1.08597100
 H                  0.52272200    2.56965400   -0.36150300
 C                 -1.48370400   -0.27684800   -0.12140900
 O                 -2.18262100   -0.90072400   -0.88638900
 O                 -1.68089100   -0.24872900    1.21482000
 H                 -2.44313400   -0.83160600    1.39090500
-0.152089512532
1
8 1
